252
114
454
14
63
483
487
272
371
15
168
326
29
382
255
31
410
123
326
52
496
432
354
289
29
201
39
290
437
115
480
321
283
272
448
212
93
379
435
412
135
242
266
332
392
198
113
294
199
396
63
137
105
456
200
390
227
278
487
330
104
259
82
273
270
331
122
377
159
491
381
183
236
100
302
429
176
346
92
226
145
275
185
90
342
199
475
227
208
207
283
475
198
491
195
325
458
177
318
182
462
490
216
418
475
226
324
200
427
165
459
436
227
255
364
341
191
403
173
224
471
392
157
220
363
276
454
164
451
214
173
250
416
477
383
365
400
490
482
457
273
376
322
248
429
261
240
158
377
326
387
195
297
302
463
438
388
309
410
263
222
350
394
295
228
430
346
189
267
259
303
200
193
311
488
460
293
316
485
404
246
341
350
344
276
394
386
499
189
390
370
366
467
450
307
386
450
465
204
442
476
214
485
429
497
343
256
298
273
284
276
352
333
311
486
350
338
280
491
493
360
224
249
237
321
448
438
411
381
443
429
341
367
274
239
469
375
273
270
281
396
414
464
319
312
473
484
268
362
347
398
336
428
418
342
310
314
472
380
281
278
326
299
365
492
356
281
344
473
478
370
495
314
450
356
321
350
350
431
457
394
405
336
487
419
428
496
406
369
463
396
474
479
349
450
307
315
340
392
392
483
424
411
494
425
478
328
347
355
335
441
347
348
330
347
416
361
406
323
324
348
421
498
385
441
398
468
333
390
340
450
407
404
339
370
428
375
416
347
488
446
492
464
375
403
444
410
496
389
400
472
469
426
472
434
418
476
374
375
476
463
434
382
372
447
421
439
382
447
447
466
434
499
400
466
436
455
471
441
472
466
411
428
464
456
497
437
447
403
410
471
458
455
430
461
465
448
442
418
489
420
473
479
489
427
485
482
437
427
445
430
456
500
495
463
497
438
453
432
485
451
470
445
434
436
475
440
451
430
475
449
466
460
448
480
489
488
463
478
448
464
447
464
477
468
461
448
490
462
491
468
495
488
501
493
462
499
488
479
492
471
474
496
470
501
479
497
472
489
489
476
475
487
499
487
490
497
483
501
487
501
488
492
498
500
489
499
497
496
492
493
493
496
499
495
497
500
500
499
500
